5506.23, 4748.1001, -98.4604
5506.3208, 4715.3379, -104.0073
5409.5171, 4752.7578, -125.6865
5378.6123, 4846.4658, -117.7579
5257.1958, 4809.519, -110.0953
5166.9404, 4862.6421, -101.5403
5109.6001, 4940.375, -101.0995
5151.5854, 4995.3477, -102.457
5223.6597, 5001.7412, -99.7175
5296.3369, 5039.4487, -94.9684
5345.1714, 5104.9224, -103.9553
5426.1514, 5173.5723, -108.9761
5564.9639, 5244.957, -116.6447
5605.2383, 5201.0869, -120.0019
5632.1743, 5146.6411, -117.0971
5680.0645, 5179.8789, -114.4031
5712.4121, 5232.0557, -101.743
5818.3545, 5202.126, -81.062
5921.0034, 5254.8237, -78.5047
5885.5771, 5400.7979, -57.6897
5975.1914, 5428.2173, -56.1293
6092.8203, 5420.6763, -59.8969
6116.7495, 5514.8677, -49.394
6107.9648, 5578.0308, -35.8288
6070.0034, 5622.6875, -38.5994
5997.9487, 5624.5005, -43.9634
6029.4634, 5658.4824, -18.767
5974.9893, 5784.1997, -1.2028
5894.7598, 5876.9458, 6.0188
5801.9395, 5934.1289, -1.3417
5708.4487, 5960.1748, 0.2711
5728.249, 5867.4736, -20.175
5750.8521, 5802.9541, -14.7873
5798.9307, 5735.7114, -27.5053
5846.3398, 5657.4355, -27.3101
5842.4248, 5590.9663, -36.8508
5751.9658, 5597.8853, -24.0764
5648.1992, 5540.8174, -47.4621
5535.5093, 5553.9092, -60.7208
5653.4399, 5430.3276, -50.2095
5562.4043, 5427.6074, -62.2801
5514.8955, 5504.7241, -64.1213
5426.897, 5529.7368, -71.9001
5397.3228, 5607.9458, -71.941
5484.7354, 5668.5298, -68.9013
5512.3945, 5777.9243, -58.0395
5592.9722, 5854.9292, -26.1228
5537.4668, 5921.5103, -22.7224
5452.6211, 5986.6475, -11.8302
5305.4053, 6032.6802, 0.4985
5100.1895, 6032.6172, 7.0946
5055.9204, 5897.48, -11.4347
5017.4453, 5795.9712, -35.9599
5083.3545, 5713.2788, -49.1063
5018.3745, 5696.7192, -60.3135
4963.0908, 5705.3564, -60.8256
4882.9951, 5808.521, -34.1798
4840.7134, 5852.1006, -19.6204
4805.9253, 5808.8159, -21.9634
4841.7065, 5704.5479, -24.8159
4868.0811, 5598.5205, -39.4933
4900.981, 5508.5083, -55.3526
5005.6899, 5511.9702, -78.8678
5089.0234, 5567.9673, -80.1222
5239.9253, 5553.9834, -74.7006
5220.5322, 5449.1807, -60.7399
5247.7676, 5403.2427, -64.4697
5283.7715, 5414.856, -73.2847
5348.521, 5419.7734, -84.6969
5362.564, 5380.8857, -89.0539
5403.6572, 5300.7295, -108.2954
5304.5073, 5258.2544, -115.4196
5204.3081, 5156.6094, -92.3003
5119.3735, 5181.9136, -74.8926
5059.6665, 5077.0366, -73.146
4990.832, 5052.5059, -70.9649
4917.564, 5066.6836, -60.5003
4855.2622, 5112.1304, -48.4693
4785.9785, 5252.4492, -31.6497
4742.3818, 5165.3721, -11.2974
4725.313, 5054.7275, -2.4821
4708.1694, 4948.8726, 15.4299
4724.8662, 4848.4048, -6.6479
4725.8247, 4732.2397, -15.836
4748.6143, 4648.6685, 2.336
4787.8716, 4578.6772, 5.7702
4757.855, 4458.2578, 29.4075
4753.5967, 4362.8613, 7.9753
4799.7729, 4357.0464, -11.8913
4872.186, 4315.2485, -35.7496
4963.6934, 4345.8369, 2.9594
4934.0688, 4448.8296, -29.6321
4857.5522, 4458.709, -42.6835
4824.3066, 4550.104, -45.3443
4883.5898, 4672.9258, -43.8022
4993.1875, 4806.063, -75.1687
5107.7832, 4635.7104, -108.1765
5081.6167, 4519.6724, -82.4182
5043.9487, 4417.397, -54.74
5085.9531, 4332.9131, -42.5509
5184.3989, 4350.9717, -53.0738
5294.8149, 4388.4912, -65.0127
5229.2363, 4239.9409, -38.543
5136.1543, 4182.2705, -23.2259
5036.5269, 4169.2212, -2.0421
4880.145, 4181.3809, 14.9016
4975.6348, 4088.0007, 10.6457
4995.1699, 3994.9475, 28.6782
5094.6221, 4012.5923, 27.4176
5232.6904, 4034.4136, -14.7427
5317.7515, 3921.7146, -22.2532
5264.5425, 3845.4377, -3.2683
5172.9009, 3884.9941, 25.7925
5190.5356, 3807.4934, 38.2629
5290.0947, 3716.6257, 52.3142
5407.6123, 3584.6814, 59.7701
5611.9004, 3525.2949, 69.2091
5754.4224, 3510.7107, 78.7485
5677.7925, 3662.7222, 33.4587
5577.4834, 3746.8298, 23.6133
5498.292, 3827.0835, 28.0096
5589.938, 3896.8828, -18.9182
5718.1875, 3959.3174, -39.4861
5915.4673, 4049.3672, -32.7985
5907.4399, 4151.6963, -50.572
5996.7021, 4093.041, -42.2894
6101.0889, 4036.676, 16.2735
6303.625, 4202.7744, 9.6692
6480.0986, 4359.2593, -23.454
6528.2163, 4423.8652, -13.6
6624.5996, 4449.0854, 29.1867
6522.3447, 4591.2881, -8.8443
6522.1519, 4674.7554, -17.8258
6631.3726, 4692.7407, 38.1879
6541.7295, 4907.4082, 19.3359
6619.0269, 4984.8784, 24.0255
6661.3374, 5036.6636, 7.8855
6680.4824, 5168.4551, 4.5318
6680.8911, 5239.7583, 1.4809
6680.8911, 5239.7583, 108.5726
6669.8037, 5400.3833, 73.6847
6614.2075, 5436.2056, 110.7395
6586.6865, 5247.9351, 57.0371
6518.0571, 5170.2261, -5.888
6451.8496, 5223.5161, -18.2764
6392.0312, 5361.2964, -30.3119
6342.3423, 5415.2534, -24.376
6238.1128, 5212.4316, -31.3987
6309.5322, 5174.8945, -35.2301
6226.6084, 5075.9746, -52.254
6285.4512, 5036.8188, -58.3994
6336.6772, 4997.3569, -69.7074
6433.9707, 4858.8057, -52.2089
6353.894, 4737.665, -51.4926
6310.1704, 4620.0879, -58.9514
6217.521, 4616.6685, -63.0876
6256.8208, 4480.6548, -50.2142
6342.2827, 4419.5605, -35.764
6253.4258, 4334.1616, -6.424
6161.9839, 4379.1895, -27.8756
6078.7319, 4392.4272, -44.1423
6015.3335, 4330.9155, -44.4103
5874.7021, 4412.7974, -76.275
5848.5928, 4421.4727, -77.8579
5756.1343, 4469.0249, -99.1979
5706.3511, 4418.8086, -112.1373
5650.374, 4476.9844, -120.2991
5500.2993, 4525.8242, -117.8378
5498.5933, 4613.3364, -124.664
5582.6299, 4677.9521, -123.5318
5647.9023, 4716.7705, -123.5113
5700.7598, 4736.1055, -118.4316
5740.1475, 4703.0283, -99.2367
5770.5913, 4677.7173, -84.2188
5879.2026, 4617.7788, -84.52
6013.3462, 4561.4927, -67.1204
6072.7124, 4619.585, -69.3205
6040.0796, 4752.3052, -68.3208
6059.5752, 4858.6846, -62.0293
6105.9331, 4918.7793, -64.9649
6117.7837, 4973.2124, -71.2468
6025.8906, 4982.4033, -75.7636
5823.1875, 4920.3691, -105.4259
5864.1851, 4853.0903, -113.7276
5792.8794, 4808.6855, -120.2121
5706.5566, 4849.0522, -118.223
5643.7969, 4913.4644, -114.8758
5523.2109, 5001.7983, -111.7554
5416.7422, 4902.5786, -132.8896|