1969.4,-2968.88,196.66,2
1919.51,-4077.03,212.62,2
1859.11,-4185.41,241.78,2
1944.56,-4023.18,217.08,2
1519.76,-5034.13,119.62,2
2659.42,-4116.77,349.83,2
1916.71,-4077.2,212.56,2
1919.21,-4077.43,212.61,2
1371.5,-4033.63,160.36,2
1857.41,-4183.44,241.83,2
1858.54,-4184.75,241.79,2
1910.95,-4066.36,212.45,2
2589.91,-4139.49,307.16,2
1916.9,-4077.2,212.56,2
1910.64,-4066.46,212.47,2
1919.97,-4077.34,212.66,2
1906.56,-4062.46,212.65,2
1860.13,-4186.51,239.51,2
1910.85,-4067.17,212.47,2
1512.18,-5564.34,214.2,2
1595.01,-5039.26,113.65,2
1946.21,-4011.98,203.47,2
2025.74,-2730.18,0.67,2
1859.01,-4185.3,241.78,2
1962.17,-2966.99,143.49,2
118.26,-5738.57,278.43,2
1859.07,-4185.37,241.78,2
1908.11,-4067.82,212.67,2
1944.17,-4023.62,217.08,2
2702.1,-4012.77,384.82,2
1859.2,-4185.52,241.78,2
2386.56,-3075.93,149.95,2
1916.96,-4077.13,212.56,2
1859.78,-4186.18,241.77,2
2506.9,-3054.43,151.01,2
1653.24,-4680.24,114.63,2
2724.91,-4021.11,385.23,2
1859.07,-4185.36,241.78,2
1906.15,-4068.52,212.81,2
1859.65,-4186.03,241.77,2
1653.29,-4680.15,114.63,2
1467.36,-4403.59,165.16,2
2025.76,-2730.26,0.68,2
1860.13,-4186.52,239.87,2
1761.93,-4496.75,44.8,2
-73.2,-3423.86,34.32,2
1858.59,-4184.81,241.79,2
1860.1,-4186.56,241.77,2
1916.53,-4078.09,212.6,2
1496.86,-3883.33,128.67,2
1860.26,-4186.62,238.88,2
1944.61,-4023.15,217.08,2
1916.92,-4078.59,212.63,2
1903.98,-4382.49,48.19,2
2662.29,-4120.23,349.7,2
1860.11,-4186.53,240.47,2
2702.1,-4013.71,384.81,2
1853.68,-2983.48,98.38,2
1859.56,-4185.93,241.77,2
1596.94,-5038.73,113.44,2
1908.13,-4067.92,212.66,2
345.98,-5699.85,313.99,2
1517,-5038.19,119.77,2
352.52,-5698.43,312.19,2
1946.13,-4012.3,203.43,2
345.97,-5699.85,314,2
1853.27,-2983.83,98.68,2
1859.13,-4185.43,241.78,2
348.14,-5688.3,309.4,2
1860.1,-4186.53,240.48,2
1597.03,-5038.72,113.45,2
1903.94,-4382.06,48.11,2
1906.28,-4061.75,212.66,2
1908.48,-4067.69,212.64,2
1860.13,-4186.51,239.67,2
1596.23,-5039.1,113.06,2
1502.23,-4936.09,121.22,2
1916.9,-4077.18,212.56,2
1919.28,-4077.21,212.61,2
1587.29,-5041.34,113.23,2
1859.51,-4185.87,241.77,2
1510.07,-4952.12,121.56,2
1222.99,-6219.82,270.8,2
1874.96,-4164.28,221.59,2
1583.83,-5044.8,113.63,2
1858.87,-4185.13,241.78,2
1919.21,-4077.11,212.6,2
1584.26,-5044.46,113.24,2
1199.65,-6227.61,271.17,2
1590.61,-5039.88,113.77,2
1919.56,-4077.8,212.65,2
1517.15,-5036.39,119.51,2
1596.25,-5038.86,113.41,2
1911.1,-4067.17,212.45,2
1597.09,-5038.71,113.44,2
1858.01,-4184.13,241.79,2
1860.11,-4186.56,241.67,2
1860.04,-4186.48,241.77,2
1596.38,-5038.99,113.18,2
1977.23,-2970.29,165.76,2
1859.23,-4185.54,241.78,2
1597.09,-5038.67,113.5,2
1917.01,-4077.97,212.6,2
1921.71,-4054.48,213.06,2
1519.62,-5034.25,119.62,2
1596.91,-5038.7,113.49,2
1860.11,-4186.53,240.46,2
1596.81,-5038.72,113.49,2
117.4,-5596.32,412.22,2
1918.47,-4054.9,212.64,2
1917.19,-4077.96,212.6,2
1859.05,-4185.34,241.78,2
1917.44,-4077.54,212.58,2
1860.09,-4186.55,241.76,2
1917.07,-4077.14,212.56,2
1494.93,-4902.5,113.11,2
1944.34,-4023.7,217.07,2
1857.93,-4184.05,241.8,2
-74.23,-3428.6,33.2,2
1859.52,-4185.88,241.77,2
1252.47,-3531.52,167.24,2
2386.56,-3076.01,150.16,2
1587.25,-5041.41,113.2,2
1860.11,-4186.56,241.7,2
1860.08,-4186.53,241.77,2
1916.8,-4077.89,212.59,2
1678.81,-4791.51,127.22,2
1858.9,-4185.17,241.78,2
1594.4,-5039.28,113.27,2
668.57,-4600.19,218.04,2
1678.84,-4790.76,127.13,2
1860.11,-4186.56,241.77,2
1906.05,-4068.61,212.81,2
1906.6,-4062.6,212.65,2
1927.67,-4047.83,214.34,2
1859.99,-4186.42,241.77,2
2386.56,-3076.11,150.42,2
1510.1,-4952.12,121.63,2
1707.46,-4831.46,126.3,2
1501,-4930.28,121.75,2
1586.52,-5042.26,113.19,2
2644.42,-4122.59,337.04,2
1944.35,-4023.83,217.06,2
1860.11,-4186.53,240.45,2
2070.77,-2692.25,-0.25,2
1921.75,-4054.41,213.07,2
2386.56,-3075.77,149.59,2
1917.52,-4077.71,212.59,2
1597.2,-5038.95,113.06,2
1859.99,-4186.43,241.77,2
1878.63,-5428.17,186.57,2
1922.78,-4072.59,212.86,2
669.02,-4600.05,218.7,2
1858.67,-4184.89,241.78,2
1859.39,-4185.73,241.78,2
1906.53,-4062.6,212.65,2
1945.8,-4012.02,203.3,2
1860.11,-4186.56,241.71,2
1944.18,-4023.61,217.08,2
1917.42,-4077.39,212.57,2
1597.15,-5038.99,113.01,2
2087.77,-3795.22,206.66,2
1860.11,-4186.56,241.72,2
668.38,-4600.13,218.59,2
1859.53,-4185.9,241.77,2
1874.9,-4164.34,222.04,2
1228.39,-6218.66,270.89,2
1859.64,-4186.03,241.77,2
1944.54,-4023.1,217.09,2
1860.13,-4186.52,239.84,2
1860.11,-4186.53,240.55,2
1653.35,-4679.76,114.63,2
1860.13,-4186.52,239.86,2
1916.89,-4077.1,212.56,2
1906.26,-4061.92,212.66,2
668.4,-4600.17,218.18,2
1918.46,-4054.9,212.64,2
1859.58,-4185.95,241.77,2
355.84,-5697.51,309.77,2
2506.88,-3054.42,151.04,2
1860.1,-4186.55,241.76,2
1916.66,-4077.37,212.57,2
1860.13,-4186.52,239.85,2
1512.91,-5031.25,118.86,2
1597.46,-5038.7,113.36,2
1596.65,-5038.92,113.23,2
1905.93,-4068.83,212.82,2
1911.27,-4067.02,212.44,2
2511.42,-3012.53,119.28,2
1945.78,-4012,203.3,2
1860.07,-4186.52,241.77,2
1859.04,-4185.33,241.78,2
1860.11,-4186.53,240.44,2
1860.11,-4186.53,240.61,2
1905.95,-4069.37,212.82,2
1507.83,-3925,128.07,2
2440.66,-3052.68,143.21,2
1860.11,-4186.53,240.56,2
1908.42,-4067.72,212.64,2
1860.11,-4186.56,241.65,2
1859.55,-4185.91,241.77,2
1858.59,-4184.8,241.79,2
1859.03,-4185.31,241.78,2
1584.1,-5044.62,113.29,2
1918.45,-4054.9,212.64,2
-74.22,-3428.63,33.19,2
1916.83,-4077.11,212.56,2
1917.2,-4077.91,212.6,2
1859.59,-4185.96,241.77,2
1917.15,-4078,212.6,2
1518.82,-5000.1,125.24,2
1921.72,-4054.46,213.06,2
1917.17,-4077.91,212.6,2
1922.07,-4053.71,213.16,2
1859.18,-4185.49,241.78,2
1860.13,-4186.51,239.47,2
1467.38,-4403.57,165.13,2
1496.87,-3883.33,128.67,2
73.49,-5472.79,392.01,2
1917.28,-4077.21,212.57,2
2025.92,-2730.46,-0.28,2
1858.31,-4184.48,241.79,2
1858.94,-4185.21,241.78,2
1560.19,-5045.49,113.09,2
1859.45,-4185.8,241.78,2
1858.06,-4184.19,241.79,2
1871.31,-4470.25,190.1,2
1919.52,-4077.81,212.65,2
1903.86,-4381.82,48.08,2
1859.54,-4185.9,241.77,2
2659.27,-4117.16,349.76,2
1860.09,-4186.55,241.77,2
1859.53,-4185.89,241.77,2
1946.12,-4012.32,203.43,2
1910.84,-4066.29,212.45,2
2511.49,-3012.47,119.26,2
1859.48,-4185.83,241.77,2
1906.07,-4062.1,212.68,2
2702.05,-4022.76,377.61,2
1859.08,-4185.37,241.78,2
2662.32,-4120.23,349.71,2
1867.42,-4469.73,189.15,2
1516.53,-5036.86,119.49,2
2702.1,-4013.9,384.83,2
1858.51,-4184.71,241.79,2
1916.65,-4077.36,212.57,2
1858.5,-4184.7,241.79,2
1916.76,-4077.18,212.56,2
1596.9,-5038.89,113.22,2
1905.99,-4061.85,212.68,2
1859.5,-4185.86,241.77,2
1520.52,-5034.87,119.8,2
1910.62,-4067.2,212.49,2
2702.1,-4012.76,384.82,2
2386.56,-3076.1,150.38,2
1860.05,-2993.96,135.02,2
1596.94,-5038.87,113.24,2
1910.39,-4067.17,212.5,2
1921.72,-4054.48,213.06,2
1500.81,-4929.43,121.7,2
2169.04,-3615.52,173.7,2
1858.9,-4185.16,241.78,2
1859.04,-4185.32,241.78,2
2702.11,-4012.76,384.82,2
1917.24,-4077.98,212.6,2
1918.47,-4054.91,212.64,2
1945.91,-4012.14,203.34,2
1597.13,-5038.85,113.23,2
1904.15,-4382.28,48.14,2
1653.01,-4680.64,114.63,2
1945.86,-4012.08,203.31,2
1858.91,-4185.18,241.78,2
2271.71,-3002.37,149.74,2
1860.11,-4186.56,241.66,2
1858.33,-4184.51,241.79,2
1860.11,-4186.56,241.74,2
1916.92,-4077.18,212.56,2
1859.01,-4185.29,241.78,2
1587.9,-5040.29,113.02,2
1860.07,-4186.51,241.77,2
2506.94,-3054.45,150.93,2
1917.02,-4078.01,212.6,2
1903.97,-4382.13,48.12,2
1906.03,-4068.61,212.81,2
1916.75,-4077.86,212.59,2
2396.17,-3072.62,148.78,2
1509.33,-4976.55,125.7,2
1918.41,-4055.02,212.63,2
1859.48,-4185.84,241.77,2
1467.38,-4403.56,165.18,2
1859.45,-4185.8,241.77,2
2670.44,-4379.49,294.05,2
1859.55,-4185.92,241.77,2
1927.87,-4047.79,214.37,2
1871.4,-4470.31,190.09,2
1969.51,-2969.06,197.48,2
1917.24,-4077.83,212.59,2
2271.72,-3002.4,148.77,2
1497.08,-3883.33,128.68,2
1917.48,-4077.78,212.59,2
1653.32,-4680.2,114.63,2
1859.1,-4185.39,241.78,2
1860.11,-4186.53,240.52,2
2702.1,-4013.37,384.81,2
1653.35,-4680.07,114.63,2
1944.62,-4023.15,217.08,2
2511.5,-3012.53,119.26,2
1917.11,-4077.86,212.59,2
1917.48,-4077.72,212.59,2
1853.23,-2983.94,98.74,2
1908.46,-4068.51,212.65,2
1918.44,-4054.95,212.64,2
2675.06,-4388.95,285.57,2
1906.82,-4062.23,212.63,2
1871.78,-4467.14,195.83,2
1905.95,-4061.95,212.69,2
1860.11,-4186.53,240.48,2
2441.07,-3052.17,145.76,2
1251.92,-3530.86,167.35,2
1903.48,-4381.91,48.12,2
1516.27,-5033.99,119.15,2
2441.06,-3052.18,145.72,2
1858.54,-4184.74,241.79,2
1509.11,-4971.52,125.7,2
1596.78,-5038.77,113.43,2
1223,-6219.83,270.8,2
1860.09,-4186.54,241.76,2
1589.89,-5040.1,113.73,2
1857.23,-4183.24,241.84,2
1908.79,-4068.25,212.63,2
1922.26,-4073.13,212.8,2
73.51,-5472.76,392,2
1597,-5038.74,113.41,2
117.39,-5596.28,411.87,2
1596.86,-5038.83,113.31,2
1917.24,-4077.97,212.6,2
1858.53,-4184.74,241.79,2
1859.06,-4185.35,241.78,2
1977.23,-2970.29,165.75,2
1632.79,-4761.74,116.43,2
1910.83,-4066.3,212.45,2
1860.1,-4186.53,240.65,2
1860.11,-4186.53,240.54,2
1506.98,-3925,128.14,2
1858.89,-4185.16,241.78,2
1906.17,-4061.88,212.67,2
2702.11,-4012.99,384.83,2
1903.93,-4381.68,48.05,2
1921.72,-4054.47,213.06,2
1580.84,-5046.63,113.45,2
1859.64,-4186.02,241.77,2
117.31,-5595.82,408.51,2
2440.65,-3052.62,143.2,2
1506.34,-3925,128.2,2
1467.38,-4403.57,165.12,2
1903.62,-4381.6,48.06,2
1918.45,-4054.91,212.64,2
1593.77,-5039.48,113.67,2
1596.5,-5038.85,113.37,2
1852.12,-4486.64,184.1,2
1256.68,-3540.09,165.32,2
1860.13,-4186.51,239.71,2
1906.05,-4068.63,212.81,2
2078.22,-3148.4,158.87,2
1496.88,-3883.33,128.67,2
1921.71,-4054.49,213.06,2
1859.97,-4186.41,241.77,2
1860.11,-4186.56,241.75,2
1252.63,-3531.54,167.22,2
1258.33,-3538.27,164.91,2
1505.79,-3925,128.25,2
1916.57,-4077.61,212.58,2
901.7,-4229.84,188.13,2
1859.12,-4185.42,241.78,2
2682.85,-4391.94,298,2
1860.11,-4186.53,240.5,2
1857.77,-4183.85,241.81,2
1917.32,-4077.17,212.56,2
2510.41,-3014.62,120,2
2694.65,-4106.54,363.5,2
1874.94,-4164.3,221.74,2
2506.9,-3054.43,151.02,2
1858.6,-4184.82,241.79,2
1916.95,-4077.08,212.56,2
2506.9,-3054.43,151.17,2
1497.17,-3883.33,128.69,2
2659.94,-4114.92,350.05,2
344.87,-5709.85,322.1,2
1860.12,-4186.52,239.47,2
1857.22,-4183.23,241.84,2
1653.49,-4680.13,114.63,2
1853.13,-2984.05,98.82,2
2077.77,-3148.4,158.78,2
1908.4,-4068.49,212.65,2
1860.01,-4186.45,241.77,2
2441.05,-3052.17,145.69,2
1860.36,-4186.73,238.73,2
1526.75,-6122.73,10.53,2
1860.02,-4186.46,241.77,2
1859,-4185.28,241.78,2
1858.61,-4184.83,241.78,2
1860.11,-2993.9,134.98,2
1906.27,-4069.22,212.8,2
1860.14,-4186.51,239.47,2
1858.33,-4184.5,241.79,2
1860.11,-4186.53,240.59,2
1859.56,-4185.92,241.77,2
1858.4,-4184.58,241.79,2
2575.24,-2803.92,37.37,2
1860.09,-4186.54,241.77,2
1906.35,-4069.17,212.8,2
1859.52,-4185.89,241.77,2
1859.44,-4185.79,241.77,2
1859.57,-4185.94,241.77,2
1860.11,-4186.53,240.53,2
1775.96,-4498.12,44.83,2
1860.13,-4186.51,239.68,2
1258.3,-3538.26,164.92,2
1653.25,-4680.22,114.63,2
2441.06,-3052.18,145.71,2
1944.14,-4023.71,217.07,2
2503.81,-4722.96,239.08,2
1860.11,-4186.53,240.57,2
1858.92,-4185.18,241.78,2
1859.49,-4185.85,241.77,2
1857.59,-4183.64,241.82,2
1858.89,-4185.15,241.78,2
1858.88,-4185.14,241.78,2
1858.61,-4184.83,241.79,2
1859.02,-4185.3,241.78,2
1916.97,-4077.25,212.57,2
1921.84,-4054.2,213.09,2
1199.68,-6227.56,271.17,2
1860.11,-4186.56,241.76,2
1945.91,-4012.13,203.33,2
1927.19,-4047.42,214.32,2
1908.78,-4068.22,212.63,2
1860.11,-4186.56,241.73,2
1853.35,-2983.82,98.65,2
2670.73,-4380.06,293.6,2
1867.41,-4469.74,189.12,2
1908.6,-4067.65,212.63,2
2676.46,-4382.82,285.2,2
2087.77,-3795.18,206.65,2
1868.06,-4166.34,253.99,2
1946.12,-4011.95,203.43,2
1919.86,-4077.35,212.65,2
118.05,-5738.74,278.43,2
1859.54,-4185.91,241.77,2
1906.78,-4062.3,212.63,2
1860.13,-4186.51,239.48,2
1917.07,-4077.06,212.56,2
1906.35,-4069.26,212.8,2
1859.03,-4185.32,241.78,2
1256.65,-3539.79,166.57,2
1919.55,-4077.05,212.62,2
1222.7,-6219.79,270.78,2
1521.13,-5023.88,120.98,2
1199.65,-6227.62,271.17,2
1860.06,-4186.51,241.77,2
117.31,-5595.83,408.55,2
1860.1,-4186.55,241.77,2
1860.11,-4186.56,241.69,2
2679.85,-4384.87,285.35,2
2680.07,-4384.75,284.92,2
2679.84,-4384.96,285.35,2
2679.69,-4384.18,284.71,2
879.9,-4998.86,0.72,2
880.03,-4999.1,0.66,2
879.86,-4998.77,0.74,2
880,-4999.05,0.68,2
879.56,-4998.22,0.87,2
879.55,-4998.2,0.88,2
1530.76,-5132.64,181.74,2
2048.82,-5748.52,222.33,2
2025.95,-2730.49,-0.28,2
1472.05,-3931.4,138.35,2
1472.05,-3931.37,138.37,2
1286.14,-6223.37,266.7,2
1286.14,-6223.37,266.69,2
1286.14,-6223.36,266.69,2
1286.12,-6223.34,266.68,2
1285.98,-6223.13,266.55,2
1283.4,-6221.41,266.21,2
1531.89,-5131.43,181.12,2
