//路径录制时间: 2022-10-6-19-32, 所在地图: 嚎风峡湾//
2560.22,-4584,276.33
2550.7,-4579.02,270.3
2533.97,-4568.89,264.32
2517.12,-4558.47,259.17
2505.05,-4550.93,255.91
2494.08,-4547.69,253.82
2473.52,-4545.03,250.06
2457.53,-4542.88,247.06
2449.1,-4534.38,244.43
2440.43,-4512.94,240.6
2432.86,-4494.21,237.27
2425.29,-4475.49,233.99
2421.2,-4464.1,232.03
2418.27,-4442.79,243.56
2416.04,-4431.39,241.99
2408.97,-4409.27,239.55
2402.47,-4388.63,242.56
2397.63,-4374.85,241.7
2392.55,-4365.66,241.06
2385.48,-4355.71,240.33
2375.47,-4349.76,239.66
2354.13,-4338.87,238.3
2343.86,-4333.18,237.63
2324,-4320.99,236.24
2314.87,-4313.76,235.72
2299.34,-4298.69,235.06
2290.94,-4290.54,234.7
2274.62,-4276.43,238.95
2261.05,-4265.38,238.72
2257.94,-4254.98,237.68
2253.49,-4235.04,236.24
2250.54,-4223.75,235.49
2243.38,-4204.59,234.51
2239.02,-4193.74,233.97
2230.3,-4175.24,233.07
2219.93,-4154.85,233.31
2209.79,-4134.92,234.88
2200.52,-4116.69,233.93
2191.24,-4098.45,232.98
2182.38,-4079.29,232.15
2174.21,-4060.59,231.32
2166.02,-4041.84,230.48
2161.76,-4030.96,229.87
2157.05,-4017.75,229.03
2153.8,-4006.55,228.14
2163.05,-4011.24,231.92
2179.98,-4021.92,234.81
2197.14,-4032.5,238.42
2213.34,-4044.38,242.43
2229.56,-4056.36,245.95
2239.4,-4062.63,246.8
2259.27,-4074.93,248.23
2279.13,-4087.23,249.66
2288.49,-4094.22,249.57
2301.83,-4105.61,248.85
2310.2,-4113.78,248.63
2326.78,-4130.31,248.41
2335.79,-4137.73,248.39
2346.2,-4142.79,248.33
2357.55,-4145.68,248.32
2368.9,-4148.39,248.63
2387.05,-4153.5,258.69
2407.6,-4159.64,267.27
2426.05,-4165.23,268.87
2436.99,-4166.45,270.02
2448.61,-4166.77,271.39
2463.1,-4166,275.79
2481.23,-4163.82,289.05
2492.56,-4162.72,290.74
2515.11,-4157.74,294.95
2533.6,-4153.03,305.7
2551.42,-4148.69,314.11
2568.58,-4144.51,328.6
2590.29,-4139.22,333.24
2601.52,-4135.05,335.9
2611.13,-4130.33,344.42
2618.67,-4124.79,350.62
2624.03,-4119.63,358.07
2634.1,-4108.6,373.01
2640.19,-4101.01,377.22
2649.22,-4088.62,386.51
2654.64,-4080.44,392.92
2663.92,-4068.79,407.82
2668.49,-4061.91,416.09
2677.07,-4041.16,414.96
2685.33,-4022.83,411.06
2689.59,-4013.4,409.07
2681.06,-4008.08,404.32
2672.73,-4003.78,399.43
2656.86,-3998.33,387.77
2640.79,-3992.07,374.72
2632.26,-3987.32,368.26
2622.27,-3978.74,361.97
2614.52,-3971.31,357.24
2607.2,-3963.44,352.7
2600.65,-3954.85,348.2
2595.77,-3945.18,343.86
2592.47,-3934.81,339.75
2591.49,-3923.75,336.07
2597.59,-3915.51,339.46
2611.49,-3904.2,352.66
2623.26,-3895.08,367.55
2632.92,-3889.07,367.72
2651.01,-3877.99,371.13
2659.9,-3871.65,369.09
2675.64,-3858.81,363.53
2682.81,-3851.93,358.57
2694.87,-3840.58,345.52
2705.9,-3830.15,330.99
2717.73,-3819.5,315.51
2731.48,-3808.12,304.47
2746.01,-3796.29,294.85
2753.28,-3789.65,289.69
2766.75,-3776.02,280.94
2773.51,-3767.45,276.83
2783.98,-3747.74,269.95
2783.72,-3736.86,267.82
2780.37,-3725.75,266.09
2775.67,-3715.21,264.51
2768.7,-3705.04,262.79
2759.08,-3697.48,261.49
2746.49,-3693.41,261.4
2734.83,-3693.75,262.29
2712.65,-3694.77,264.06
2688.81,-3695.82,266.47
2665.47,-3696.72,268.02
2651.46,-3697.16,268.96
2626.84,-3696.73,278.51
2599.7,-3695.18,290.6
2578.08,-3693.6,291.6
2567.01,-3692.61,291.56
2551.38,-3701.88,301.13
2533.14,-3715.11,309.83
2516.25,-3727.37,324.65
2496.87,-3741.24,326.58
2481.4,-3751.61,323.72
2470.2,-3758.12,318.79
2461.28,-3763.68,316.09
2451.62,-3768.18,311.13
2442.17,-3766.27,304.67
2429.06,-3761.79,297.07
2420.79,-3757.57,292.1
2404.52,-3748.66,282.12
2394.21,-3746.64,275.81
2385.24,-3746.18,270.32
2374.84,-3748.13,264.09
2364.68,-3749.53,259.92
2346.11,-3755.03,250.29
2327.54,-3759.11,242.73
2312.62,-3761.93,238.39
2292.07,-3764.12,234.31
2269.15,-3766.37,230.13
2252.47,-3768.01,227.08
2240.92,-3771.4,225.02
2220.72,-3779.41,224.05
2210.48,-3782.48,226.91
2200.38,-3785.05,225.57
2188.3,-3785.21,223.3
2176.46,-3783.82,220.42
2165.4,-3782.36,217.51
2154.77,-3786.87,215.67
2133.63,-3796.34,212.08
2122.75,-3800.09,210.15
2112.11,-3802.67,208.28
2103.79,-3794.01,205.82
2088.57,-3776.89,201.04
2083.29,-3765.93,198.02
2083.76,-3756.77,202.9
2083.59,-3745.99,202.47
2082.08,-3723.15,197.56
2080.5,-3700.31,192.71
2079.22,-3680.8,188.87
2081.29,-3669.53,186.73
2084.75,-3654.98,183.85
2090.41,-3645.1,181.42
2098.44,-3636.91,179.11
2107.04,-3629.33,176.83
2124.91,-3614.92,172.22
2142.34,-3600.74,169.2
2148.18,-3594.89,177.48
2154.92,-3586.87,178.35
2161.39,-3578.42,178.56
2166.9,-3568.44,176.16
2172.67,-3552.22,172.75
2169.87,-3542.17,171.06
2157.41,-3522.6,168
2150.61,-3513.18,166.63
2137.44,-3496.85,164.17
2124.08,-3480.72,162.16
2117.7,-3471.68,161.14
2105.72,-3454.46,159.23
2100.14,-3443.61,158.07
2097.23,-3433.53,157.3
2092.31,-3413.69,155.98
2087.44,-3393.22,154.6
2083.15,-3372.02,157.52
2079.09,-3351.97,156.09
2074.64,-3329.67,154.5
2069.87,-3305.62,152.78
2065.45,-3283.32,151.19
2064.45,-3268.17,150.65
2062.82,-3243.58,155.34
2061.54,-3224.28,161.94
2060.15,-3203.27,161.18
2058.45,-3177.62,160.26
2069.64,-3171.42,158.83
2080.95,-3166.22,158.48
2090.59,-3161.04,165.62
2110.72,-3149.25,163.74
2126.67,-3143.44,162.44
2142.45,-3130.42,161.33
2152.4,-3125.7,160.21
2165.03,-3123.75,158.77
2173.63,-3116.03,157.07
2190.21,-3099.87,153.61
2206.78,-3083.7,150.15
2223.35,-3067.54,146.69
2231.02,-3058.85,145.1
2245.7,-3041.55,150.07
2253.13,-3034.26,148.48
2258.51,-3022.2,147.25
2260.28,-3010.62,146.79
2270.26,-3003.89,145.51
2290.14,-3002.26,150.45
2302.32,-3001.36,148.93
2312.68,-3002.65,147.67
2324.43,-3005.98,146.37
2334.29,-3009.57,145.49
2346.55,-3015.72,149.95
2366.08,-3027.49,148.96
2377.05,-3031.47,149.08
2388.66,-3032.65,148.8
2403.28,-3032.78,148.2
2415.43,-3034.28,147.16
2427.05,-3037.24,151.7
2438.45,-3041.7,151.09
2447.88,-3046.37,150.63
2457.8,-3052.51,150.15
2467.71,-3058.68,149.87
2477.09,-3064.54,149.88
2490.92,-3079.68,149.96
2504.28,-3094.35,150.04
2516.06,-3096.56,147.2
2526.73,-3098.55,144.64
2539.2,-3100.25,141.81
2549.71,-3106.07,141.32
2564.56,-3122.54,147.58
2577.67,-3137.18,151.46
2586.91,-3146.1,152.25
2602.76,-3153.81,158.61
2614.03,-3156.5,159.44
2625.67,-3156.39,158.52
2637.24,-3156.59,157
2652.36,-3156.39,161.73
2663.77,-3154.14,160.43
2672.8,-3148.41,158.03
2681.56,-3141.24,155.09
2694.36,-3123.89,149.46
2711.93,-3111.56,143.86
2723.26,-3100.73,139.72
2730.41,-3092.06,136.73
2744.6,-3078.22,131.55
2757.61,-3065.61,126.82
2766.18,-3069.72,130.13
2778.96,-3084.68,129.49
2784.59,-3094.19,132.94
2795.76,-3113.99,134.99
2801.52,-3124.76,136.31
2807.04,-3136.09,140.84
2810.68,-3147.03,143.73
2813.84,-3159.2,148.18
2816.55,-3170.42,150.6
2814.91,-3182.56,155.91
2811.42,-3194.04,157.73
2806.03,-3202.95,159.27
2797.54,-3209.62,163.59
2786.39,-3214.55,164.83
2776.31,-3217.4,165.78
2764.08,-3218.27,166.76
2751.92,-3216.77,167.27
2729.28,-3213.81,168.19
2708.44,-3211.08,169.03
2697.98,-3209.71,169.45
2686.06,-3206.87,169.69
2675.56,-3200.63,169.03
2667.92,-3191.26,167.58
2662.94,-3180.81,165.87
2658.97,-3170.02,163.73
2655.99,-3158.37,161.22
2651.51,-3138.85,156.93
2647.9,-3118.11,149.69
2642.66,-3096.97,142.95
2638.18,-3077.91,136.94
2634.33,-3058.66,131.11
2631.15,-3039.19,125.6
2628.76,-3019.59,120.16
2628.26,-3008.26,117.31
2629.79,-2986.97,113.72
2631.52,-2963.94,109.9
2631.85,-2953.54,108.33
2631.62,-2932.66,105.49
2630.73,-2921.05,104.18
2628.87,-2910.36,102.64
2619.1,-2890.1,96.26
2608.83,-2869.74,91.01
2595.09,-2851.31,86.59
2586.9,-2840.09,84.03
2581.44,-2830.17,81.47
2572.64,-2811.94,77.52
2565.99,-2795.93,65.57
2560.21,-2786.56,61.88
2549.82,-2785.58,60.29
2529,-2787.45,57.67
2518.12,-2786.67,62.65
2495.31,-2785.13,57.62
2473.78,-2785.02,51.98
2462.05,-2785.46,48.44
2450.49,-2786.42,44.38
2440.62,-2787.96,41.06
2421.22,-2794,35.5
2400.39,-2799.84,30.36
2382.66,-2804.24,26.28
2372.14,-2797.32,23.35
2363.57,-2789.69,21.06
2348.29,-2775.49,18.14
2332.6,-2761.41,17.64
2316.94,-2747.37,17.5
2309.17,-2740.26,17.5
2301.76,-2732.78,17.79
2287.1,-2716.08,18.43
2274.18,-2700.19,18.93
2263.84,-2687.48,19.33
2258.44,-2678.41,23.58
2252.11,-2666.57,26.66
2246.84,-2652.56,33
2241.13,-2632.86,32.69
2235.44,-2613.23,32.11
2229.74,-2593.56,31.54
2223.53,-2572.46,33.66
2218.47,-2555.69,32.46
2214.25,-2544.84,31.37
2208.37,-2535.61,31.82
2198.31,-2535.5,38.66
2189.08,-2541.96,39.76
2182.06,-2549.06,43.97
2175.88,-2558.92,43.86
2171.1,-2568.24,43.57
2157.9,-2584.65,43.05
2149.26,-2595.67,41.96
2142.98,-2605.46,40.75
2132.77,-2624.94,37.45
2123.5,-2642.93,34.31
2114.23,-2660.92,31.18
2108.81,-2671.14,29.41
2102.23,-2680.7,27.9
2095.36,-2689.32,23.97
2087.15,-2696.46,21.54
2078.98,-2704.64,19.81
2065.14,-2719.56,17.51
2053.43,-2732.54,15.93
2046.59,-2742.02,15.6
2041.6,-2752.58,15.53
2038.55,-2763.87,15.47
2036.85,-2775.45,15.42
2036.76,-2786.14,20.03
2037.2,-2802.58,32.62
2037.24,-2813.22,37.49
2036.12,-2822.3,43.63
2033.23,-2831.93,50.58
2026.69,-2845.15,60.11
2018.75,-2858.05,74.73
2010.31,-2873.01,90.43
2001.74,-2888.14,105.89
1994.54,-2900.7,120.38
1991.38,-2908.34,128.65
1989.85,-2916.47,136.93
1988.97,-2924.69,145.2
1988.71,-2932.96,153.48
1989.02,-2943.96,162.53
1990.15,-2953.92,163.27
1991.43,-2963.77,173.2
1990.45,-2983.76,171.18
1986.87,-2994.65,169.21
1975.44,-2993.95,167.26
1963.93,-2993.12,165.47
1952.45,-2994.84,164.09
1941.31,-2998.2,162.99
1930.63,-3002.88,161.95
1910.49,-3014.69,160.36
1898.47,-3021.89,159.43
1890.88,-3030.75,158.91
1886.03,-3041.37,158.53
1879.68,-3061.45,158.1
1872.79,-3083.81,157.45
1868.73,-3094.78,157.41
1859.29,-3116.2,157.63
1851.89,-3130.97,160.35
1845.9,-3141.02,160.56
1836.78,-3156.02,160.85
1832.01,-3166.69,161.01
1828.72,-3177.92,160.89
1827.54,-3188.96,160.59
1826.29,-3209.98,159.94
1826.55,-3220.49,159.39
1828.17,-3243.6,161.47
1828.49,-3253.32,164.27
1828.76,-3276.48,166.39
1828.91,-3288.75,165.8
1828.36,-3301.01,165.28
1825.23,-3314.05,164.13
1818.46,-3337,162.39
1811.92,-3358.2,160.95
1803.66,-3378.83,160.66
1795.75,-3399.57,162.11
1792.34,-3409.5,162.91
1784.84,-3432.82,164.86
1778.06,-3453.93,166.62
1775.02,-3464.01,167.38
1773.13,-3477.89,167.5
1773.34,-3490.19,167.39
1775.99,-3500.35,167.33
1777.68,-3511.68,167.41
1774.67,-3523.58,168.04
1768.95,-3544.75,171.22
1766.06,-3556.74,171.74
1764.47,-3567.15,171.9
1764.05,-3579.36,172.12
1766.3,-3591.4,172.2
1769.72,-3601.36,172.17
1775.24,-3612.33,172.12
1780.15,-3623.59,172.17
1787.86,-3645.06,171.94
1791.71,-3656.72,171.74
1793.63,-3667.07,171.45
1796.02,-3679.12,171.14
1800.86,-3699.02,170.73
1806.54,-3722.32,170.24
1810.64,-3740.59,169.87
1810.47,-3752.22,170.12
1808.84,-3763.19,170.9
1807.67,-3774.24,170.76
1804.96,-3793.71,174.98
1802.73,-3805.17,175.63
1799.18,-3817.53,176.21
1791.39,-3838.96,177.1
1788.31,-3850.22,177.74
1785.93,-3861.69,178.45
1784.78,-3873.29,178.97
1786.44,-3885.92,179.22
1791.44,-3895.18,179.48
1796.31,-3903,184.16
1805.97,-3906.32,188.38
1816.78,-3906.07,192.68
1832.96,-3907.55,194.79
1844.96,-3909.66,196.37
1864.9,-3915.84,199.19
1874.86,-3918.96,200.6
1893.52,-3926.71,203.93
1912.12,-3934.6,207.31
1931.23,-3942.7,210.88
1950.31,-3950.8,214.69
1959.85,-3954.84,216.59
1961.43,-3963.99,223.46
1955.89,-3982.75,234.65
1949.21,-4000.6,247.4
1946.06,-4012.36,251.18
1944.39,-4023.43,257.27
1942.66,-4044.22,254.38
1940.97,-4065.02,251.45
1938.95,-4074.86,248.81
1930.07,-4083.42,246.15
1917.37,-4089.5,245.06
1905.01,-4095.89,244.34
1893.41,-4103.76,244
1889.04,-4117.01,249.57
1883.02,-4135.25,257.98
1879.38,-4146.28,266.59
1880.75,-4157.85,270.97
1882.88,-4169.88,279.35
1885.3,-4192.82,275.44
1887.72,-4214.93,270.33
1890.88,-4229.35,266.89
1900.99,-4251.1,259.2
1910.06,-4270.81,252.24
1910.49,-4280.92,248.53
1902.24,-4286.71,245.61
1893.77,-4292.28,242.75
1884.37,-4296.41,240.46
1865,-4303.61,236.26
1845.09,-4309.46,232.77
1835.12,-4312.38,231.02
1814.77,-4316.77,227.79
1794.42,-4321.13,224.57
1774.06,-4325.5,221.35
1763.93,-4327.92,219.77
1753.86,-4330.7,218.22
1742.52,-4334.7,215.9
1721.62,-4343.03,209.45
1703.11,-4350.85,203.11
1695.31,-4357.82,199.97
1694.95,-4368.12,198.39
1697.13,-4378.38,197.41
1703.45,-4398.41,196.22
1706.94,-4410.15,195.18
1711.64,-4431.7,192.36
1715.89,-4451.54,189.6
1718.96,-4461.99,188.16
1726.94,-4470.48,187.13
1741.56,-4485.61,186.22
1755.85,-4501.08,186.18
1768.95,-4515.27,186.14
1779.45,-4514.55,186.58
1800.03,-4509.98,187.97
1823.09,-4506.82,190.1
1834.7,-4506.16,191.18
1846.44,-4512.43,192.66
1850.47,-4522.13,194.66
1847.34,-4532.7,196.59
1839.71,-4554.69,194.1
1832.31,-4574.27,191.88
1826.38,-4596.22,189.87
1821.36,-4606.56,188.69
1801.04,-4616.6,185.97
1789.67,-4621.08,184.52
1779.94,-4624.35,183.77
1757.86,-4630.97,184.65
1748.88,-4636.23,183.1
1730.54,-4648.83,185.02
1722.91,-4655.66,182.5
1707.74,-4672.02,178
1693.76,-4686.51,174.08
1678.49,-4700.58,170.74
1669.42,-4707.76,169
1658.31,-4708.23,167.16
1649.39,-4702.1,165.11
1644.55,-4692.53,164.83
1639.52,-4682.38,165.67
1631.09,-4674.27,166.76
1624.36,-4664.91,167.96
1612.99,-4644.56,170.12
1607.81,-4634.76,170.83
1598.56,-4615.84,171.41
1588.53,-4595.35,172.02
1579.28,-4576.43,172.59
1569,-4555.41,173.23
1558.72,-4534.39,173.86
1548.44,-4513.37,174.46
1538.16,-4492.35,173.04
1528.68,-4472.96,171.71
1519.43,-4454.05,170.4
1510.46,-4435.71,169.13
1503.91,-4424.74,168.08
1489.12,-4406.69,165.92
1474.86,-4389.02,163.92
1467.43,-4380,162.9
1456.38,-4376.84,162.97
1442.47,-4374.94,163.35
1430.85,-4375.52,163.66
1420.89,-4381.47,163.88
1407.43,-4396.82,164.95
1396.64,-4410.71,165.91
1391.95,-4419.98,167.09
1388.74,-4429.86,168.55
1387.9,-4440.28,169.86
1389.04,-4450.65,171.06
1391.91,-4460.65,172.26
1397.69,-4471.38,173.69
1405.65,-4479.8,175.01
1416.23,-4481.08,175.83
1433.81,-4470.67,177.62
1451.19,-4460.03,179.4
1468.54,-4449.24,181.23
1485.76,-4438.38,183.12
1502.15,-4426.78,187.11
1518.61,-4414.54,191.9
1535.51,-4401.45,199.8
1543.59,-4395.13,202.21
1558.09,-4381.33,207.93
1571.47,-4368.58,216.43
1586.19,-4354.56,225.06
1594.36,-4346.63,227.76
1585.54,-4337.39,228.5
1578.61,-4328.19,226.48
1565.91,-4309.15,221.71
1557.45,-4301.67,219.39
1538.03,-4289.23,215.23
1518.7,-4276.74,211.11
1505.21,-4267.85,208.24
1490.06,-4254.63,202.1
1476.1,-4241.96,192.71
1460.92,-4228.18,181.41
1445.98,-4214.29,169.96
1443.74,-4204.33,164.65
1445.05,-4193.5,160.49
1445.57,-4182.39,156.94
1444.8,-4162.08,151.45
1442.99,-4139.53,145.47
1442.2,-4121.69,139.82
1436.25,-4110.03,138.15
1427.07,-4089.16,137.3
1421.62,-4080.16,136.89
1415.01,-4069.81,137.1
1399.96,-4050.31,136.94
1389.83,-4037.43,136.84
1389.55,-4026.29,135.88
1393.14,-4015.21,134.45
1399.45,-3995.16,133.85
1405.76,-3974.47,136.6
1410.78,-3963.92,136.64
1419.7,-3947.47,136.9
1427.37,-3940.47,136.46
1434.31,-3931.05,136.2
1442.02,-3922.31,135.97
1451.94,-3918.89,135.88
1472.96,-3912.26,139.06
1492.86,-3905.98,142.22
1502.58,-3902.12,142.17
1509.06,-3893.89,142.4
1510.96,-3883.59,142.41
1493.82,-3871.34,142.14
1476.35,-3859.57,142.32
1464.7,-3851.7,142.54
1457.2,-3844.34,142.85
1448.8,-3835.39,143.26
1435.44,-3819.85,144.13
1422.02,-3804.48,145.38
1406.66,-3789.34,147.27
1392.4,-3774.74,149.02
1378.29,-3759.98,150.7
1370.69,-3751.12,151.35
1358.88,-3734.4,151.13
1347.48,-3717.41,150.24
1336.32,-3700.25,150.14
1324.91,-3682.55,150.65
1319.55,-3673.45,150.99
1309.31,-3653.78,151.93
1300.17,-3635.44,152.92
1294.86,-3626.36,154.75
1286.78,-3616.21,158.15
1269.94,-3599.29,162.93
1255,-3584.56,164.82
1247.53,-3577.19,165.76
1238.43,-3572.16,166.64
1228.84,-3565.69,167.74
1212.49,-3552.89,175.41
1203.74,-3543.55,179.04
1188.95,-3527.81,180.1
1174.57,-3512.72,184.21
1160.05,-3497.48,185.16
1152.46,-3490.2,185.68
1144.38,-3483.47,186.16
1135.31,-3479.1,188.93
1123.73,-3475.67,189.73
1111.62,-3473.65,190.23
1097.08,-3472.16,190.8
1084.26,-3471.5,194.03
1063.22,-3472.38,194.66
1040.43,-3473.35,195.34
1030.05,-3474.87,195.24
1016.51,-3480.67,197.87
1007.13,-3485.68,199.55
997.69,-3492.55,198.33
988.47,-3501.38,196.94
982.78,-3510.15,196.07
976.97,-3521.62,195.23
969.07,-3540.44,194.01
960.81,-3559.79,192.88
951.98,-3580.17,191.79
943.61,-3599.47,190.76
935.23,-3618.81,189.73
925.77,-3640.2,188.7
918.85,-3655.67,196.79
909.64,-3649.3,193.38
900.68,-3642.49,190.09
883.27,-3628.22,183.56
871.37,-3617.99,178.94
857.34,-3603.48,172.93
851.39,-3593.42,169.33
842.38,-3574.29,160.97
838.18,-3564.14,155.42
835.92,-3554.08,149.96
835.13,-3543.82,144.35
833.73,-3523.62,132.56
832.3,-3503.51,120.72
831.05,-3483.38,108.83
830,-3463.08,97.26
829.52,-3442.19,86.77
829.39,-3422.16,77.12
829.28,-3401.64,67.05
829.97,-3390.52,61.97
831.53,-3380.79,58.29
834.77,-3369.28,55.34
838.37,-3357.83,52.7
845.53,-3338.93,49.62
852.59,-3320.5,46.82
853.39,-3309.19,44.43
851.84,-3288.34,41.94
850.03,-3265.11,39.45
848.49,-3242.38,38.76
847.99,-3222.88,38.31
848.51,-3210.62,37.48
850.83,-3200.4,36.93
855.93,-3189.24,36.66
861.92,-3179.2,36.99
873.4,-3161.58,38.27
886.26,-3142.02,39.98
897.59,-3125.08,45.76
903.72,-3114.54,47.2
913.38,-3096.67,49.79
919.28,-3086.66,51.12
919.54,-3075.36,52.33
913.07,-3065.7,53.37
904.56,-3057.79,54.15
892.69,-3050.26,54.81
875.94,-3042,55.55
864.71,-3038.51,55.88
853.32,-3036.13,55.67
836.64,-3033.46,54.26
813.04,-3030.65,50.96
790.01,-3027.83,47.88
767.03,-3025.01,44.42
744.05,-3022.18,40.96
729.62,-3020.44,39.39
719.09,-3020.24,38.74
704.19,-3023.01,37.49
692.63,-3026.87,36.47
683.4,-3034.73,35.67
678.1,-3043.73,35.28
673.49,-3053.22,35.3
664.3,-3070.38,42.27
656.58,-3084.79,45.53
657.17,-3092.54,52.17
658.72,-3102.19,56.81
662.32,-3113.12,57.62
669.75,-3134.23,63.78
671.55,-3145.65,65.18
670.77,-3158.2,69.41
667.54,-3168.75,71.1
659.97,-3180.74,73.62
648.55,-3198.4,72.43
642.99,-3207.97,71.39
633.31,-3225.87,69.11
623.63,-3243.78,66.82
613.96,-3261.69,64.54
603.73,-3280.61,62.13
594.24,-3298.56,59.37
584.47,-3317.52,57.93
574.93,-3336.03,54.71
565.49,-3332.63,50.94
557.69,-3313.14,50.53
551.87,-3303.13,51.95
545.7,-3293.29,53.45
537.32,-3285.39,55.06
527.45,-3279.29,56.41
516,-3277.5,57.58
504.42,-3278.23,58.76
483.78,-3281.74,61.14
460.77,-3285.6,63.64
446.93,-3287.46,64.82
435.28,-3287.43,65.2
419.01,-3286.6,63.61
407.56,-3287.03,61.18
396.98,-3288.07,56.45
387.02,-3289.56,50.48
376.61,-3292.79,44.87
364.05,-3297.19,38.81
345,-3302.49,31.54
333.97,-3304.49,28.37
313.32,-3306.03,24.52
294.88,-3307.5,21.44
283.45,-3309.85,20.72
266.98,-3315.89,20.09
256.98,-3321.85,19.73
240.04,-3333.35,19.16
230.56,-3340.2,18.92
218.98,-3349.19,18.7
204.21,-3363.37,18.39
191.65,-3375.63,18.13
182.07,-3382.27,18.07
172.12,-3389.77,18.06
160.41,-3399.8,21.73
151.8,-3403.92,28.2
133.32,-3412.69,27.14
122.75,-3417.69,26.55
106.71,-3424,41.38
87.8,-3431.39,48.65
75.72,-3437.19,57.15
65.33,-3439.43,59.1
54.16,-3442.36,57.31
34.89,-3448.05,53.32
23.68,-3450.71,51.42
3.34,-3451.56,49.16
-12.94,-3451.88,47.45
-22.98,-3454.57,46.73
-31.66,-3460.19,46.15
-36.64,-3469.4,45.64
-39.48,-3479.53,45.31
-40.61,-3491.72,45.07
-40.03,-3502.22,45.04
-36.36,-3512.07,45.17
-27.56,-3531.21,45.4
-19.11,-3549.38,45.58
-11.16,-3566.47,45.74
-2,-3591.88,45.87
6.04,-3615.66,44.75
14.62,-3639.2,42.21
23.89,-3664.37,39.27
33.1,-3689.62,36.38
41.97,-3714.61,33.95
49.94,-3739.86,32.65
57.38,-3764.56,32.11
64.21,-3788.78,32.21
70.22,-3810.79,32.52
75.01,-3830.7,33.64
81.38,-3855.61,34.48
87.76,-3880.54,35.31
93.14,-3901.53,36.01
98.79,-3923.6,36.76
104.51,-3946.02,40.19
109.67,-3966.85,46.58
112.04,-3975.63,51.27
119.79,-3993.55,59.17
127.51,-4010.88,68.33
135.32,-4027.99,77.81
143.52,-4045.79,89.12
149.75,-4059.34,104.04
155.51,-4071.98,119.73
161.57,-4085.59,134.62
165.41,-4094.3,152.33
167.01,-4098.09,173.45
171.02,-4108.12,191.83
176.54,-4121.93,206.71
180.27,-4129.78,215.4
187.36,-4143.33,231.86
193.7,-4154.98,248.44
200.42,-4167.8,262.95
195.96,-4178.28,265.32
190.79,-4187.37,266.38
182.2,-4206.54,267.9
176.67,-4216.84,268.28
168.65,-4231.12,268.64
160.91,-4239.87,268.79
145.83,-4254.58,269.09
138.46,-4263.65,269.46
134.7,-4274.64,270.21
133.68,-4286.26,271.01
134.37,-4297.84,271.33
138.24,-4308.76,269.66
143.49,-4319.06,267.71
149,-4329.15,265.67
156.58,-4337.77,263.66
170.71,-4349.77,261.01
177.06,-4358.14,260.42
180.96,-4367.9,260.57
182.75,-4378.23,260.98
182.87,-4399.29,261.55
180.62,-4420.23,261.93
178.02,-4441.09,262.73
175.13,-4463.14,263.86
173.92,-4474.76,264.48
173.44,-4487.61,265.16
173.52,-4498.13,265.66
174.25,-4508.65,266.14
176.86,-4520.6,266.7
182.16,-4540.36,267.63
182.98,-4550.76,268.53
179.3,-4571.28,271.56
172.02,-4578.45,272.94
162.98,-4583.43,274.7
144.82,-4588.22,282.8
135.92,-4592.1,288.76
126.09,-4598.37,288.51
110.91,-4609.69,294.97
94.23,-4622.51,294.72
88.2,-4631.7,294.32
80.03,-4651.14,293.67
75.51,-4661.9,293.32
72.34,-4673.15,293.31
71.01,-4684.77,293.58
69.57,-4699.37,297.98
69.03,-4719.81,299.1
68.61,-4731.51,299.86
64.78,-4742.34,301.15
55.42,-4751.83,302.85
48.37,-4759.53,304.21
41.61,-4767.49,305.63
34.61,-4776.7,307.4
28.69,-4786.65,309.04
23.49,-4797.09,309.89
15.16,-4815.8,309.74
11.06,-4827.35,312.64
6.01,-4844.16,313.01
1.78,-4855,314.21
-6.46,-4873.44,317.72
-14.25,-4890.14,320.9
-27.14,-4912.32,322.6
-39.06,-4933.18,322.24
-48.63,-4949.95,321.95
-56.58,-4960.7,322.34
-71.44,-4975.5,324.3
-81.37,-4985.35,325.63
-97.53,-5005.35,326.83
-112.09,-5023.65,327.83
-126.65,-5041.95,328.83
-132.57,-5052.02,329.33
-138.13,-5062.31,329.83
-142.85,-5073,330.38
-146.48,-5084.07,333.71
-149.88,-5096.47,334.36
-151.86,-5109.17,335.01
-152.55,-5122,335.61
-149.83,-5132.7,336.21
-144.06,-5145.43,337.12
-135.9,-5156.8,338.11
-126.29,-5167,338.64
-113.11,-5171.23,338.12
-100.87,-5170.71,337.22
-88.94,-5168.22,336.21
-79.57,-5160.45,335.17
-69.94,-5147.27,333.93
-59.01,-5130,332.59
-50.12,-5111.59,334.85
-40.46,-5091.99,338.02
-30.52,-5073.42,337.42
-20.87,-5054.77,335.92
-15.05,-5046.13,334.69
0.13,-5030.99,331.53
15.88,-5014.03,328.12
23.62,-5005.4,326.64
32.92,-4998.42,326.06
43.38,-4993.2,326.17
56.3,-4987.61,326.52
66.5,-4985.49,326.85
77.01,-4984.09,331.11
93.11,-4981.23,331.29
102.8,-4981.96,334.83
115.04,-4983.01,335.16
127.14,-4985.06,334.71
147.49,-4990.07,332.55
160.97,-4993.27,330.31
174.47,-4995.77,327.36
185.76,-4997.15,324.61
206.03,-4998.06,319.06
226.35,-4998.88,313.46
248.9,-4999.78,307.24
271.45,-5000.68,301.02
293.96,-5000.82,294.65
307.37,-4998.99,290.88
318.33,-4996.32,287.79
337.53,-4989.6,282.3
357.79,-4982.41,276.5
368.15,-4978.05,273.38
377.07,-4971.13,270.62
384.11,-4962.14,268.49
393.42,-4942.98,270.01
402.8,-4924.5,266.6
408.58,-4915.8,265.32
421.23,-4899.09,263.21
427.59,-4890.76,262.18
433.06,-4881.85,260.99
442.66,-4863.25,258.59
452.25,-4844.64,256.19
461.72,-4826.06,253.31
471.18,-4807.81,248.72
480.82,-4789.73,243.81
486.33,-4781.11,241.4
493.71,-4773.86,239.45
503.45,-4766.66,237.42
521.46,-4757.55,234.13
539.51,-4748.61,230.44
557.57,-4739.8,226.33
575.71,-4731.32,222.16
590.45,-4724.82,219.22
608.37,-4715.43,216.05
618.64,-4708.79,214.45
625.57,-4698.84,213.71
633.65,-4684.61,212.86
640.06,-4669.69,216.9
640.21,-4658.07,218.94
646.05,-4645.46,221.47
659.3,-4626.21,220.04
671.34,-4608.97,218.79
681.04,-4595.08,217.78
692.97,-4575.04,215.91
701.29,-4560.31,214.61
712.08,-4538.74,216.15
722.55,-4517.83,215.13
730.76,-4501.03,214.29
733.31,-4487.31,213.38
735.02,-4477.07,214.6
738.43,-4466.01,219
745.03,-4446.63,218.6
752.22,-4426.94,219.96
759.72,-4406.43,226.36
763.14,-4396.48,226.18
751.85,-4391.66,226.14
740.3,-4389.84,225.97
728.63,-4390.38,225.99
716.97,-4391.38,226.07
697.08,-4394.6,222.51
677.34,-4398.03,218.27
657.53,-4401.31,214.28
637.37,-4404.12,212.12
615.6,-4407.37,214.2
604.07,-4407.65,213.93
584.46,-4401.77,214.59
573.3,-4398.19,215.04
563.23,-4392.31,215.31
545.86,-4380.39,215.61
530.78,-4368.34,216.03
521.5,-4360.39,222.06
513.28,-4352.57,223.44
501.88,-4340.42,226.54
488.99,-4324.99,235.44
475.93,-4309.3,237.17
469.36,-4299.77,238.29
466.12,-4288.67,239.6
466.25,-4268.26,241.28
466.43,-4247.85,242.96
466.52,-4237.35,243.83
471.64,-4226.68,243.66
479.6,-4218.13,242.68
496.82,-4203.37,240.33
514.26,-4188.49,242.05
530.37,-4174.75,247.15
537.16,-4166.11,245.73
543.56,-4157.96,244.32
553.85,-4151.41,242.92
565.7,-4144.04,241.31
576.25,-4141.34,239.47
596.22,-4139.18,235.63
610.48,-4137.35,232.63
621.64,-4138.58,229.69
640.91,-4143.09,224.42
651.92,-4146.01,221.75
673.33,-4151.98,220.19
692.79,-4157.11,216.44
712.26,-4161.56,211.89
723.35,-4164.35,209.41
734.16,-4168.19,207.22
744.12,-4173.95,205.22
760.26,-4186.11,201.91
779.07,-4200.49,198.06
797.41,-4214.58,194.43
806.84,-4221.37,193.04
816.96,-4227.1,191.93
827.8,-4231.43,191.1
850.06,-4238.5,189.53
872.33,-4245.56,187.96
890.18,-4251.06,186.66
901.54,-4253.67,185.65
914.27,-4255.03,184.45
925.88,-4254.3,183.42
936.42,-4249.35,182.63
948.91,-4241.81,181.69
966.05,-4230.67,180.37
983.2,-4219.54,179.05
993.17,-4213.46,178.29
1003.71,-4208.45,177.58
1014.94,-4205.3,176.97
1035.09,-4201.8,175.92
1053.53,-4198.71,174.95
1050.61,-4207.54,180.6
1048.78,-4218.94,182.12
1048.05,-4238.82,184.72
1047.29,-4259.78,190.25
1046.62,-4278.55,201.28
1046.85,-4288.56,205.31
1056.07,-4297.92,205.13
1065.63,-4302.23,204.22
1075.59,-4305.42,203.05
1095.69,-4310.15,199.09
1115.75,-4314.48,194.19
1124.89,-4320.52,191.32
1134.92,-4334.35,187.38
1140.84,-4344.78,190.57
1150.48,-4362.51,187.01
1159.96,-4379.94,184.48
1165.13,-4389.44,189.88
1164.54,-4399.23,193.98
1163.69,-4409.69,193.08
1160.25,-4419.55,192.63
1149.11,-4438.75,196.13
1139.41,-4455.43,206.36
1133.71,-4465.22,210.33
1125.05,-4472.16,213.11
1104.9,-4483.3,217.33
1086.34,-4493.26,217.5
1065.81,-4504.12,214.64
1047.35,-4513.88,211.63
1027.33,-4524.46,213.12
1013.01,-4532.03,217.39
992.8,-4541.22,219.58
976.7,-4548,217.94
957.77,-4554.64,219.82
936.77,-4561.44,223.98
925.24,-4565.64,223.7
914.58,-4571.72,223.09
896.01,-4583.82,221.39
878.94,-4595.02,219.69
861.87,-4606.21,218
844.81,-4617.41,216.3
827.74,-4628.6,214.6
818.12,-4636.2,213.81
811.09,-4646.26,217.68
806.38,-4656.28,217.36
804.2,-4672.39,216.23
801.26,-4685.92,214.02
798.34,-4698.8,209.39
798.2,-4717.98,192.36
798.4,-4735.75,175.3
800.33,-4750.24,162.46
804.38,-4764.98,149.4
808.49,-4780.93,143.25
811.85,-4790.3,136.34
815.99,-4810.1,122.97
823.12,-4841.92,110.95
827.2,-4858.4,104.42
832.69,-4875.19,93.23
843.15,-4901.23,97.24
855.28,-4933.01,84.59
866.98,-4964.51,66.58
871.97,-4977.64,59.81
882.14,-5000.37,52.45
886.93,-5009.17,51.3
900.31,-5031.85,51.35
909.34,-5047.57,52.13
922.94,-5048.51,58.95
943.92,-5050.09,60.12
964.89,-5051.67,61.3
984.15,-5053.13,62.38
996.36,-5052.93,63.32
1006.96,-5051.45,67.75
1017.11,-5045.4,72.34
1023,-5039.56,80.64
1034.77,-5025.49,94.01
1040.55,-5017.48,100.78
1043.58,-5010.24,107.48
1044.67,-4997.48,115.17
1045.84,-4976.6,124.31
1047.07,-4954.6,133.94
1048.04,-4937.09,151.14
1049.14,-4917.4,165.14
1049.92,-4903.48,171.23
1052.13,-4889.92,177.72
1055.8,-4876.84,184.57
1062.28,-4858.76,194.55
1067.81,-4843.56,207.71
1074.14,-4826.02,225.36
1079.2,-4811.99,240.28
1083.57,-4803.77,245
1089.44,-4796.06,249.21
1102.32,-4781.36,256.91
1111.54,-4771.69,261.32
1121.91,-4762.82,264.42
1131.51,-4756.43,266.25
1142.38,-4752.15,266.82
1153.76,-4749.54,266.18
1173.84,-4745.56,264.75
1190.44,-4742.28,263.57
1211.21,-4740.58,260.74
1225.09,-4739.41,258.51
1236.26,-4741.84,256.39
1255.84,-4748.3,252.09
1266.73,-4751.83,249.66
1278.05,-4751.63,247.2
1286.8,-4744.4,244.99
1292.76,-4734.95,241.6
1296.37,-4724.64,237.44
1299.59,-4705.26,229.84
1301.76,-4694.4,226.08
1305.74,-4683.31,222.59
1311.01,-4674.56,220.19
1318.71,-4663.89,217.42
1326.84,-4657.59,215.43
1338.54,-4652.85,213.04
1349.9,-4652.47,211.37
1361.28,-4655.03,210.15
1371.85,-4659.59,208.45
1381.98,-4665.12,206.63
1400.85,-4672.7,203.37
1420.16,-4680.45,200.04
1439.32,-4688.04,195.82
1450.88,-4692.56,192.4
1460.83,-4698.02,189.58
1477.75,-4708.5,184.75
1486.7,-4715.64,182.4
1495.62,-4722.83,180.1
1512.52,-4733.33,175.24
1529.34,-4743.56,169.61
1546.23,-4753.74,162.22
1555.45,-4759.43,157.79
1564.13,-4766.52,154.36
1580.23,-4780.66,148.52
1596.51,-4794.95,143.57
1612.66,-4808.21,140.86
1630.21,-4822.63,142.6
1644.29,-4833.8,140.3
1657.26,-4838.93,138.79
1670.5,-4845.96,137.18
1675.64,-4854.89,136.19
1676.86,-4868.03,139.21
1674.36,-4878.33,147.02
1668.91,-4887.43,155.16
1667.59,-4901.22,153.7
1667.08,-4915.1,151.9
1664.73,-4928.77,149.8
1659.9,-4941.63,147.56
1652.38,-4951.48,150.03
1643.51,-4957.97,156.55
1630.71,-4955.84,155.64
1608.22,-4950.7,153.49
1596.77,-4949.55,155.97
1587.26,-4952.34,159.77
1573.99,-4958.41,158.89
1562.95,-4963.29,161.14
1554.49,-4970.55,163.34
1538.25,-4984.51,153.9
1525.36,-4994.74,151.25
1518.37,-5004.08,153.32
1516.38,-5015.06,150.16
1516.82,-5036.65,150.36
1515.33,-5058.7,155.34
1513.67,-5069.71,159.63
1510.04,-5082.88,173.28
1505.41,-5097.08,188.22
1500.8,-5111.25,203.12
1497.72,-5120.7,213.03
1490.19,-5140.2,210.37
1475.78,-5142.7,210.4
1462.5,-5142.54,207.79
1449.14,-5144.69,204.24
1438.22,-5147.59,209.12
1426.37,-5154.06,205.68
1417.54,-5161.88,209.04
1399.45,-5180.05,209.97
1385.25,-5195.04,205.77
1371.11,-5210.07,201.52
1356.95,-5225.16,197.62
1342.74,-5240.5,194.85
1328.89,-5254.67,193.05
1309.51,-5272.43,191.58
1298.74,-5281.41,191.39
1289.47,-5288.08,196.71
1272.88,-5297.78,198.61
1255.79,-5306.66,199.22
1236.59,-5315.25,199.99
1217.79,-5323.37,199.84
1201.46,-5329.86,200.11
1180.68,-5335.7,208.21
1160.44,-5341.34,209.75
1144.62,-5345.34,213.98
1124.65,-5348.87,216.53
1111.46,-5350.81,218.42
1090.82,-5352.48,222.25
1069.16,-5354.17,228.99
1057.83,-5356.04,229.66
1047.56,-5357.47,229.99
1038.21,-5356.52,234.5
1027.95,-5356.09,237.22
1010.5,-5356.62,248.46
987.07,-5357.68,252.7
964.78,-5359.32,258.73
944.41,-5360.91,259.71
932.67,-5364.12,260.82
915.03,-5374.23,262.59
897.12,-5384.17,262.87
878.69,-5394.38,263.11
858.19,-5405.73,263.38
837.72,-5417.07,263.64
817,-5427.89,262.9
795.95,-5437.95,261.03
775.48,-5447.17,261.16
765.12,-5451.41,262.87
754.57,-5453.33,266.23
732.57,-5456.35,265.15
711.72,-5459.09,267.24
691.4,-5461.27,265.93
670.5,-5463.03,263.99
647.78,-5464.16,262.23
635.52,-5463.57,261.91
617.92,-5459.45,263.35
604.67,-5454.94,264.4
592.72,-5447.73,265.13
574.98,-5432.52,266.26
557.45,-5417.04,267.38
549.09,-5409.28,269.85
540.02,-5400.96,270.06
524.58,-5387.55,270.34
510.01,-5374.88,270.61
515.9,-5366.04,273.47
530.01,-5351.82,269.31
538.71,-5342.36,265.41
530.07,-5333.91,265.64
521.61,-5326.71,265.91
508.66,-5316.77,267.91
498.44,-5312.34,269.63
484.24,-5309.24,271.24
464.95,-5307.2,281.98
444.75,-5305.08,284.57
424.55,-5302.91,287.21
410.12,-5301.41,289.1
399.38,-5305.39,290.7
393.61,-5313.77,292.53
391.19,-5323.86,294.27
389.05,-5337.59,296.28
388.69,-5351,297.42
389.45,-5374.34,298.93
388.51,-5397.72,299.18
388.17,-5411.76,299.23
386.68,-5425.69,299.91
384.69,-5435.99,300.82
378.19,-5458.32,303.46
373.89,-5469.09,305.13
366.92,-5484.99,307.8
365.7,-5497.58,309.02
369.32,-5510.45,309.21
373.51,-5522.61,309.16
367.54,-5532.8,314.43
360.69,-5543.68,315.02
355.19,-5555.28,315.6
350.33,-5568.42,316.11
350.62,-5581.01,319.41
355.02,-5597.38,319.55
362.25,-5621.44,320.64
361.06,-5635.35,322.83
352.58,-5653.14,326.88
346.55,-5665.81,327.52
341.29,-5680.06,327.98
339.29,-5695.05,328.17
345.05,-5710.31,340.51
353.98,-5715.54,340.27
372.77,-5723.24,341.79
383.56,-5726.44,339.97
394.24,-5727.73,337.71
404.8,-5727.19,335.5
420.34,-5722.86,338.3
431.45,-5713.06,336.94
433.99,-5698.25,334.84
430.22,-5683.75,332.8
422.18,-5672.46,331.08
411.9,-5663.09,329.18
400.01,-5655.86,327.91
386.89,-5650.77,327.78
365.51,-5645.03,329.15
350.63,-5641.98,329.91
335.14,-5638.52,330.16
319.75,-5632.98,330.64
310.14,-5620.11,330.55
308.6,-5603.86,329.68
309.38,-5589.89,328.17
302.81,-5577.2,328.94
293.49,-5558.86,330.45
286.32,-5546.8,331.08
279.05,-5534.79,331.95
268.67,-5514.59,333.92
262.12,-5501.27,335.97
255.29,-5484.59,347.6
247.17,-5464.01,348.31
239.87,-5443.82,345.51
235.05,-5430.78,343.52
228.25,-5418.67,341.65
215.73,-5413.49,341.85
203.35,-5415.44,344.18
182.99,-5423.5,355.84
171.56,-5428.48,359.05
162.56,-5434.62,364.95
146.98,-5447.23,379.92
137.24,-5455.03,383.1
128.83,-5463.68,386.84
122.86,-5472.19,392.16
119.62,-5483.25,394.09
119.23,-5497.01,396.09
117.97,-5507.53,400.57
113.21,-5528.28,403.8
110.21,-5543.07,405.69
108.75,-5557.55,406.99
106.02,-5571.04,414.82
99.34,-5594.09,420.16
96.7,-5603.89,424.18
93.15,-5623.47,431.22
90.22,-5639.03,430.99
85.88,-5647.06,421.18
83.53,-5656.31,411.02
81.51,-5668.79,397.21
81.71,-5675.35,375.93
81.47,-5677.89,362.16
81.36,-5681.77,348.6
83.03,-5687.68,336.02
85.36,-5692.63,327.11
88.46,-5697.59,318.32
90.87,-5703.28,303.17
91.91,-5706.78,288.52
92.12,-5708.16,276.87
92.33,-5709.19,263.45
98.46,-5714.15,269.68
105.22,-5718.98,278
114.67,-5724.33,280.91
115.43,-5724.66,296.98
127.71,-5729,293.75
149.55,-5735.03,303.57
173.97,-5741.78,297.3
194.56,-5747.78,293.97
215.14,-5753.82,291.02
236.19,-5760.04,289.16
264.01,-5769.64,289.36
278.22,-5775.51,289.88
291.81,-5782.08,290.67
303.71,-5788.76,291.65
325.6,-5804.04,294.12
342.3,-5816.34,303.26
357.43,-5827.74,311.27
370.59,-5839.36,312.95
380.58,-5851.34,313.61
392.26,-5874.6,318.5
395.54,-5888.17,318.59
396.22,-5900.08,320.71
395.17,-5911.69,323.75
388.96,-5935.97,325.61
386.89,-5946.17,333.07
384.49,-5972.43,336.7
383.21,-5986.44,336.39
384.22,-5999.55,337.72
389.94,-6012.93,340.24
396.25,-6021.27,339.6
406.24,-6025.82,338.47
417.05,-6027.43,336.43
438.45,-6029.83,334.35
452.34,-6030.55,338.17
463.96,-6030.75,337.26
484.3,-6034.14,342.77
495.73,-6035.03,340.59
506.95,-6036.05,337.6
517.49,-6040.15,334.75
528.64,-6042.13,332.09
540.03,-6040.27,330.29
560.06,-6034.43,327.43
579.95,-6028.24,324.26
589.83,-6024.99,322.66
608.48,-6015.67,319.43
626.56,-6006.57,316.29
647.22,-5996.16,312.71
667.88,-5985.76,309.13
688.57,-5975.34,305.76
700,-5970.09,307.88
721.96,-5962.77,304.42
741.73,-5956.19,301.31
761.74,-5949.53,302.44
781.51,-5942.95,299.32
791.1,-5939.01,297.72
797.67,-5931.08,296.38
809.18,-5928.54,292.52
816.13,-5926.07,302.77
809.95,-5917.57,302.56
799.39,-5900.05,301.71
793.38,-5889.36,300.94
787.69,-5877.23,299.67
780.83,-5865.14,298.24
769.53,-5856.21,296.58
761.53,-5849.46,295.49
752.11,-5844.81,294.84
740.72,-5838.92,297.46
722.27,-5825.84,300.49
713.68,-5819.74,300.33
701.94,-5811.14,298.9
683.63,-5797.7,296.59
665.95,-5784.73,296.71
659.08,-5776.54,296.62
663.79,-5766.38,294.42
671.55,-5757.81,292.65
679.24,-5750.75,294.52
697.27,-5736.06,291.85
705.28,-5727.72,290.67
713.61,-5715.79,292.51
724.22,-5698.41,290.32
731.74,-5686.66,288.71
740.42,-5675.82,286.82
749.74,-5668.3,284.59
761.49,-5667.04,281.42
772.12,-5667.55,278.37
782.08,-5669.33,275.34
801.54,-5675.09,269.81
811.38,-5677.74,267.18
835.03,-5683.2,263.96
847.95,-5685.49,261.08
857.52,-5681.8,258.89
868.05,-5679.1,256.55
878.21,-5674.95,252.5
896.15,-5667.37,246.22
914.23,-5658.99,241.5
925.67,-5654.95,239.33
935.9,-5653.01,237.98
946.34,-5653.01,236.87
967.27,-5654.33,234.85
988.21,-5655.76,233.03
1004.15,-5656.89,235.78
1018.16,-5656.44,235.02
1028.42,-5654.13,235.06
1038.95,-5654.01,235.43
1051.8,-5654.42,235.9
1072.04,-5657.69,236.41
1084.75,-5659.48,236.79
1105.74,-5660.93,237.8
1116.26,-5660.58,238.12
1133.77,-5659.53,238.55
1144.3,-5659.61,238.65
1161.77,-5661.22,238.23
1169.86,-5668.53,241.17
1177.88,-5678.29,244.92
1183.48,-5687.26,249.52
1186.71,-5695.17,255.88
1194.21,-5708.76,260.49
1188.69,-5718.1,266.86
1177.89,-5734.77,270.09
1166.8,-5752.48,269.52
1161.86,-5761.66,268.23
1155.3,-5778.28,265.31
1152.53,-5789.55,263.94
1155.44,-5799.46,268.1
1160.18,-5805.15,275.55
1161.44,-5806.26,285.98
1171.72,-5808.65,292.97
1184.02,-5810.84,296.64
1194.43,-5812.42,296.54
1204.69,-5814.76,296.45
1214.71,-5818.01,296.74
1234.6,-5824.93,297.22
1253.94,-5831.65,297.4
1276.6,-5839.53,297.61
1295.95,-5846.26,297.79
1311.44,-5851.6,297.93
1323.62,-5851.37,298.04
1335.1,-5847.17,297.33
1352.15,-5836.57,293.14
1362.41,-5830.31,290.69
1374.53,-5829.96,290.01
1386.81,-5829.89,290.01
1407.26,-5828.92,289.92
1418.33,-5828.04,289.31
1428.63,-5832.03,294.91
1446.01,-5838.9,293.85
1465.7,-5848.8,290.88
1475.3,-5856.26,289.46
1486.84,-5867.76,287.76
1492.97,-5876.12,291.74
1499.64,-5886.37,290.57
1504.21,-5897.64,289.43
1506.24,-5909.69,288.22
1506.62,-5920.16,287.2
1505.1,-5930.49,286.2
1499.98,-5939.58,285.11
1493.48,-5947.83,284.33
1478.01,-5962.97,284.01
1468.58,-5970.82,284.5
1450.58,-5984.77,286.07
1438.27,-5994.61,287.12
1428.27,-6004.48,287.96
1419.99,-6010.77,289.37
1401.1,-6024.13,292.93
1391.14,-6031.16,294.66
1380.41,-6036.99,294.16
1369.39,-6042.11,292.35
1359.73,-6048.48,290.64
1342.87,-6060.71,287.47
1328.65,-6070.64,284.83
1319.29,-6075.13,283.13
1308.82,-6078.37,281.24
1298.48,-6082.26,279.08
1287.31,-6082.26,279.39
1275.54,-6069.2,279.95
1265.36,-6059.56,279.54
1254.46,-6050.75,280.19
1242.84,-6043.02,281.22
1220.99,-6035.22,284.36
1208.06,-6029.92,285.59
1187.05,-6019.65,286.48
1174.73,-6012.94,286.47
1154.99,-6000.4,285.45
1142.79,-5993.62,284.95
1131.29,-5994.65,285.43
1121.49,-5998.39,286.24
1115.86,-6006.63,287.15
1116.78,-6017,286.52
1119.32,-6037.89,284.99
1122.21,-6058.68,283.52
1122.66,-6070.93,283.03
1120.2,-6091.22,282.62
1117.78,-6103.14,280.91
1112.6,-6123.24,277.31
1109.19,-6136.65,274.9
1115.18,-6145.8,274.75
1122.31,-6157.82,274.44
1133.62,-6178.21,272.49
1145.8,-6198.7,269.75
1151.55,-6207.48,268.62
1164.71,-6213.83,267.98
1182.2,-6215.66,268.82
1193.65,-6217.91,269.63
1216.83,-6226.08,271.39
1239.98,-6234.16,273.08
1252.32,-6233.41,273.95
1261.57,-6226.42,275.18
1269.39,-6217.76,275.87
1284.39,-6199.8,276.26
1299.4,-6181.83,276.65
1307,-6172.95,276.85
1319.54,-6165.47,277.5
1336.82,-6153.35,284.99
1350.02,-6143.88,288.91
1361.57,-6138.32,288.23
1378.34,-6130.84,292
1390.69,-6126.07,289.4
1408.51,-6120.44,281.3
1424.61,-6115.36,266.01
1436.39,-6112.34,253.36
1451.68,-6109.48,235.86
1464.87,-6107.01,216.75
1476.81,-6104.4,194.09
1484.38,-6103.05,175.16
1489.5,-6102.27,162.11
1494.83,-6101.83,149.09
1500.31,-6101.72,136.19
1505.99,-6101.9,122.71
1509.41,-6105.36,113.93
1515.92,-6109.84,99.56
1523.71,-6112.57,84.67
1536.02,-6116.32,60.76
1544.33,-6118.85,44.6
1551.04,-6128.09,35.69
1555.98,-6135.6,30.62
1561.47,-6143.41,26.26
1568.42,-6150.42,23.36
1583.84,-6167.58,23.78
1599.09,-6187.1,23.63
1607.42,-6197.77,22.22
1615.92,-6207.05,21.15
1626.11,-6214.39,20.51
1637.27,-6221.45,19.99
1660.67,-6233.83,19.46
1672.85,-6239.11,18.98
1696.26,-6246.48,17.8
1717.36,-6252.5,17.64
1745.43,-6258.61,17.96
1762.8,-6261.85,18.31
1778.23,-6258.75,18.98
1788.63,-6249.57,20.49
1793.24,-6237.82,21.76
1794.1,-6226.13,22.07
1791.19,-6214.85,21.87
1782.44,-6205.48,21.66
1771.94,-6198.12,21.12
1761.93,-6190.23,21.04
1754.38,-6179.82,21.26
1747.77,-6168.5,21.71
1736.65,-6145.28,22.61
1728.1,-6125.91,23.35
1719.59,-6106.62,24.09
1711.09,-6087.35,24.82
1705.85,-6073.14,25.35
1700.87,-6050.76,26.15
1698.26,-6035.76,26.58
1702.85,-6021.9,26.28
1712.64,-6011.98,26.44
1723.74,-6005.37,26.18
1744.9,-5995.32,25.98
1762.4,-5986.15,35.87
1770.75,-5981.48,41.72
1779.22,-5975.56,46.19
1785.54,-5970.16,54.5
1791.06,-5965.15,61.95
1801.38,-5954.45,76.83
1809.85,-5945.38,89.24
1816.12,-5939.98,97.52
1827.79,-5930.72,112.42
1839.66,-5921.3,126.86
1852.6,-5911.26,138.37
1865.7,-5901.11,154.95
1878.81,-5890.97,171.52
1886.01,-5885.44,180.6
1900.65,-5876.39,191.94
1913.33,-5868.53,206.86
1925.13,-5860.13,221.34
1939.98,-5848.09,227.79
1947.35,-5842.27,234.19
1965.96,-5830.57,237.29
1983.96,-5819.79,238.51
2002.14,-5809.15,238.53
2011.69,-5804.78,238.56
2023.28,-5800.73,238.69
2033.66,-5794.17,239.2
2040.53,-5786.57,239.73
2038.51,-5774.77,241.18
2031.36,-5765.01,242.36
2023.73,-5757.74,242.75
2019.1,-5747.04,242.76
2014.71,-5736.16,242.58
2012.38,-5724.75,242.04
2011.56,-5714.28,241.15
2010.67,-5702.66,240.09
2007.98,-5681.9,237.99
2005.88,-5663.97,236.24
2006.06,-5652.31,235.16
2007.86,-5640.84,233.99
2011.69,-5620.83,231.86
2014.92,-5604.83,230.99
2026.42,-5606.49,230.97
2037.45,-5610.36,231.28
2048.82,-5613.07,231.66
2060.44,-5612.71,232.13
2079.43,-5608.48,236.8
2097.13,-5604.63,237.88
2117.97,-5601.95,239.71
2132.95,-5599.89,241.11
2143.66,-5605.91,241.3
2155.19,-5610.14,241.16
2166.47,-5613.36,241.04
2185.75,-5618.26,240.86
2205.17,-5624.76,241.19
2225.1,-5631.44,242.53
2244.76,-5638.74,244.53
2261.16,-5645.48,248.4
2275.32,-5652.42,251.72
2283.75,-5658.25,256.15
2290.82,-5667.36,257.51
2302.68,-5686.72,259.78
2311.39,-5705.77,261.76
2317.2,-5719.13,263.1
2323.66,-5740.96,265.03
2329.5,-5761.09,266.81
2333.07,-5772.23,267.62
2339.92,-5781.52,267.68
2350.35,-5786.7,268.18
2360.29,-5790.02,269.13
2379.76,-5797.66,271.68
2401.39,-5806.14,274.52
2412.99,-5810.08,275.8
2435.05,-5815.38,277.97
2447.1,-5817.37,279.41
2457.44,-5816.75,281.22
2469.02,-5813.63,283.72
2479.98,-5808.8,286.44
2495.37,-5801.29,290.44
2505.03,-5798.08,293.02
2519.59,-5793.27,296.9
2540.48,-5784.35,302.44
2561.39,-5775.41,307.99
2581.47,-5766.02,313.41
2591.97,-5760.27,316.27
2599.08,-5752.31,318.89
2604.27,-5744.62,324.34
2610.56,-5736.49,329.34
2622.31,-5722.43,338.62
2628.75,-5716.11,345.83
2641.47,-5703.76,360.4
2653.46,-5690.77,375.2
2658.68,-5684.3,383.52
2664.1,-5675.51,388.1
2673.77,-5658.45,399.24
2678.83,-5648.22,401.82
2683.23,-5637.54,404.03
2686.21,-5627.82,408.47
2690.03,-5614.46,410.57
2691.16,-5602.9,411.78
2691.36,-5581.83,413.21
2690.43,-5570.23,413.35
2687,-5547.13,411.4
2681.47,-5538.83,414.04
2672.68,-5533.21,416.18
2663.67,-5528.48,419.17
2654.02,-5522.39,416.89
2645.17,-5516.15,414.43
2631.65,-5502.56,405.65
2616.14,-5487.36,401.5
2601.93,-5474.72,392.37
2593.2,-5467.96,388.43
2583.7,-5462.01,385.28
2573.82,-5456.93,381.64
2553.86,-5447.7,373.61
2543.7,-5443.51,369.46
2522.73,-5437.09,361.49
2511.88,-5435.89,357.22
2501.12,-5436.82,352.84
2490.69,-5440.11,348.57
2480.63,-5444.24,344.31
2460.62,-5452.88,335.88
2440.17,-5461.17,327.87
2420.88,-5468.7,317.12
2409.25,-5473.06,310.57
2399.24,-5474.95,306.07
2379.69,-5476.27,298.44
2359.79,-5477.31,291.63
2341.08,-5477.98,286.79
2320.4,-5477.23,283.01
2308.32,-5477.75,280.94
2298.04,-5479.06,279.06
2286.51,-5483.71,275.86
2273.74,-5489.76,272.01
2264.18,-5489.59,268.28
2254.83,-5483.82,264.46
2244.56,-5474.95,260.74
2236.61,-5466.7,258.37
2229.45,-5457.68,256.56
2217.36,-5440.59,253.88
2211.24,-5430.65,252.79
2206.71,-5422.22,257.4
2202.88,-5412.16,260.58
2197.02,-5391.99,258.76
2193.63,-5376.15,256.31
2190.44,-5365.08,254.29
2185.39,-5343.98,258.58
2180.39,-5323.61,261.65
2174.26,-5305.92,261.9
2171.19,-5295.05,269.33
2161.83,-5291.03,264.94
2152.33,-5288.12,261.56
2132.41,-5283.44,256.47
2120.8,-5284.95,253.68
2108,-5289.94,250.95
2087.97,-5295.92,248.05
2066.51,-5303.01,244.91
2046.74,-5309.68,242.02
2035.58,-5312.76,240.31
2024.91,-5315.19,238.59
2011.09,-5316.23,236.17
2000.5,-5320.73,234.33
1983.01,-5331.91,231.16
1973.14,-5338.14,229.92
1964.46,-5345.87,229.01
1954.4,-5355.64,227.96
1944.04,-5364.98,226.62
1929.22,-5379.55,223.18
1913.7,-5393.44,219.83
1904.21,-5400.01,218.17
1892.26,-5407.16,216.63
1881.47,-5415.12,215.21
1862.13,-5428.17,213.37
1842.7,-5441.19,211.93
1823.13,-5453.91,210.6
1813.75,-5460.86,210.06
1807.73,-5470.86,210.44
1805.21,-5482.14,211.36
1803.47,-5493.7,212.32
1802.58,-5506.5,213.27
1802.22,-5529.18,214.84
1802.17,-5545.51,216.17
1803.81,-5557.05,217.16
1804.34,-5567.26,221.15
1802.93,-5578.87,222.32
1801.01,-5598.9,229.94
1799.37,-5611.45,233.69
1800.25,-5621.91,234.19
1805.31,-5642.33,235.13
1795.07,-5636.9,234.47
1785.79,-5629,233.03
1776.52,-5624.14,233.11
1764.39,-5622.77,233.4
1752.1,-5623.3,233.88
1741.73,-5624.83,234.48
1729,-5626.44,235.42
1708.68,-5628.34,237.04
1697.04,-5629.23,237.95
1685.37,-5629.55,238.76
1664.36,-5629.2,240.16
1643.3,-5629.1,241.45
1620.55,-5628.99,242.84
1599.43,-5628.89,245.26
1584.67,-5628.64,248.03
1567.59,-5626.58,251.41
1552.89,-5627.93,254.01
1540.56,-5617.96,251.08
1527.88,-5597.85,246.74
1518.23,-5586.46,243.71
1508.2,-5576.49,240.95
1512.34,-5564.45,237.54
1518.08,-5553.43,234.15
1522.92,-5541.87,231.06
1527.83,-5520.06,233.38
1533.66,-5497.79,234.54
1540.02,-5473.36,229.04
1542.26,-5462.85,232.93
1543.25,-5450.22,230.83
1543.64,-5431.16,227.77
1544.78,-5418.52,225.63
1547.81,-5406.25,223.23
1553.5,-5393.09,220.3
1558.31,-5377.75,217.09
1559.82,-5362.33,219.42
1567.52,-5346.88,217.11
1581.94,-5331.73,213.43
1583.76,-5320.87,219.1
1586.65,-5303.58,217.46
1589.45,-5292.72,216
1596.79,-5280.91,213.56
1609.88,-5269.79,209.6
1632.34,-5256.98,203.51
1643.04,-5250.37,200.77
1653.97,-5241.9,198.11
1662.19,-5232.24,196.3
1668.02,-5222.55,199.3
1676.89,-5206.1,198.14
1689.2,-5188.31,196.58
1697.7,-5179.58,195.61
1714.43,-5164.17,193.78
1721.48,-5154.88,192.9
1727,-5145.92,195.28
1737.61,-5125.33,194.36
1744.46,-5114.49,193.62
1757.94,-5096.19,191.35
1771.54,-5080.23,189.05
1779.76,-5073.89,188.09
1787.67,-5081.02,191.81
1793.05,-5091.95,191.02
1800.44,-5099.43,190.59
1810.31,-5106.72,190.32
1829.31,-5115.82,190.61
1838.62,-5120.7,190.95
1856.46,-5131.8,192.46
1874.75,-5142.14,193.96
1894.96,-5152.58,195.77
1910.83,-5159.91,197.43
1929.22,-5167.3,202.2
1949.29,-5175.36,206.78
1968.79,-5183.62,212.45
1981.58,-5189.19,214.01
1991.74,-5188.58,215.88
1999.78,-5180.41,218.26
2014.79,-5163.16,223.14
2022.81,-5155.04,225.55
2032.07,-5148.24,227.88
2050.56,-5138.27,235.92
2059.66,-5132.8,240.95
2069.44,-5126.8,242.9
2079.99,-5122.45,245.01
2090.34,-5116.35,249.37
2106.17,-5105.97,255.85
2118.3,-5097.93,257.4
2116.45,-5086.02,255.07
2111.69,-5072.9,253.66
2102.96,-5052.5,252.08
2094.86,-5033.73,250.86
2090.8,-5022.14,250.08
2090.94,-5010.04,248.56
2095.99,-5000.51,246.77
2105.25,-4996.09,245.37
2127.08,-4992.5,249.7
2143.17,-4989.84,251.49
2152.64,-4986.61,252.6
2164.54,-4981.29,255.26
2172.6,-4975.51,256.8
2179.89,-4967.92,257.2
2192.87,-4951.34,257.83
2204.96,-4934.05,258.18
2217.91,-4914.64,257.31
2223.69,-4905.87,256.52
2236.51,-4889.19,255.38
2250.43,-4871.15,254.21
2256.62,-4861.25,253.57
2262.17,-4850.94,252.91
2266.65,-4840.16,252.75
2274.43,-4821.21,252.5
2282.39,-4802.35,252.24
2288.26,-4792.24,252
2296.76,-4784.37,251.62
2309.37,-4782.85,252.33
2321.5,-4783.93,253.78
2342.85,-4787.76,260.07
2363.4,-4791.31,263.04
2373.76,-4790.46,264.27
2383.82,-4787.55,265.38
2393.39,-4783.27,266.24
2411.7,-4772.92,265.94
2429.67,-4762.5,267.31
2448.82,-4752.2,272.98
2467.44,-4742.37,273.77
2486.57,-4732.26,274.58
2503.73,-4723.19,280.49